Testing email-dnc.edges

Number of nodes in the Graph: 1891

Rank:1  Node number: 1669       Node CC: 0.016666960616589357

Adjacent Nodes: 869 453 998 634 1825 1881 1813 1159 1846 56 1350 1550 1082 1510 713 1956 928 203 1874 329 1987 1768 1839 1277 1381 293 691 895 872 1811 1287 155 1739 630 278 1880 1586 585 1323 999 1011 1906 1500 993 1629 1619 702 1 1669 504 1981 730 1961 1876 953 1700 368 1963 841 2027 165 1120 1674 490 704 57 1672 920 220 803 232 486 1882 762 383 1554 1045 1305 1749 1588 499 1917 466 1747 1152 6 38 313 858 1618 1440 476 53 1114 1271 1187 410 712 171 1377 523 1832 309 2005 1576 1770 1878 1642 1444 1170 300 1507 1236 1189 2010 380 139 1368 898 68 501 247 2015 1004 1698 199 790 1018 465 1126 1601 248 750 405 321 1436 73 1430 1394 943 1330 330 354 1826 1318 1264 794 991 394 1160 245 868 1041 1398 1338 202 1815 338 1393 1143 823 901 855 1356 26 1694 768 676 1721 635 479 9 996 1195 1564 597 1293 1002 207 581 1242 662 1620 1871 1452 126 1437 1235 1346 555 29 1904 341 1704 894 1820 1006 286 1607 212 1289 484 478 407 412 611 1071 1859 235 1951 749 886 1561 1228 322 1055 2006 1329 1459 1192 1850 1455 814 114 878 1204 847 1902 1252 76 1730 269 1013 1447 86 1111 1370 527 646 1279 1232 674 1633 1967 1310 813 537 910 1775 1086 274 1379 377 1307 143 846 1313 1531 1101 350 430 728 1513 447 95 1118 515 1282 791 1094 1865 840 1464 981 1029 496 1265 1734 1713 2021 146 845 659 1898 1959 192 120 1783 1163 89 113 625 1224 2019 1873 1349 976 544 1333 1171 1132 416 1498 1636 325 1139 1512 255 985 1108 1637 1790 776 851 1804 1141 1033 1031 433 952 482 127 214 856 1332 1935 311 1296 1259 822 65 1822 352 1378 1584 1905 356 30 357 438 1414 552 1147 1458 1312 1656 769 745 81 1243 1281 116 1921 1083 7 1743 477 1818 1916 610 1359 1395 1553 413 685 2017 1600 1142 1360 966 183 716 1463 1172 1806 1400 598 1568 1206 1944 1958 1037
------------------------------------

Rank:2  Node number: 1874       Node CC: 0.016647875413994786

Adjacent Nodes: 31 511 1874 1369 1674 1144 1159 1669 1839 1278 412 257 943 841 1258 1998 329 1751 999 1963 453 585 1586 1547 203 1550 1987 1768 1878 1465 1151 1522 411 1516 833 217 437 12 703 1510 350 1818 1440 347 863 55 829 465 629 1587 852 1974 1524 479 24 521 1625 1792 1731 211 551 1894 1120 1689 620 706 312 1684 1576 659 1927 535 1844 838 1299 940 615 104 1566 1899 25 580 1932 513 173 1833 84 1957 626 1109 1269 1497 536 810 1062 1261 28 284 1034 1794 658 134 1829 1256 1681 1501 853 603 832 67 1167 1670 1814 156 539 234 229 1362 549 1604 1454 1580 906 47 533 720 457 10 1469 442 718 574 151 450 1200 1494 1892 594 757 339 747 1912 1869 1988 1843 1179 21 614 1323 1402 1523 385 90 1214 867 379 817 788 153 125 695 1581 303 945 345 96 944 1559 419 177 1903 561 541 1361 711 1680 1488 903 93 1742 469 1 149 565 1319 794 459 1133 440 1383 1221 1767 1353 1934 163 540 690 1505 1309 1776 1770 534 1020 698 724 1387 1662 732 668 579 119 1087 973 1911 654 686 1882 898 918 1102 1047 1549 295 343 219 1336 362 860 2012 1984 2002 931 1562 1268 1285 481 1759 1543 376 251 1930 816 1688 1715 366 1618 633 1149 1472 1848 2011 1180 1420 1645 1203 1194 158 737 1703 963 71 1712 410 670 806 821 1430 187 1673 1481 1188 735 283 975 272 1807 518 420 382 414 800 14 1962 1506 1687 1128 933 1177 1592 1754 1925 473 1417 1193 1782 1634 1565 1854 1467 1229 1347 210 1727 1906 1539 265 23 281 731 1291 710 908 887 1422 2007 1468 1054 502 1808 526 1011 1131 188 75 1428 1897 1449 896 876 1320 1493 363 922 960 337 586 1644 947 13 471 1312 1096 949 489 1482 557 591 197 1677 1080 1541 1153 1009 904 1067 1399 683 1557 1976 1909 548 34 462 932 1570 1140 1499 888 1615 1276 1744 802 725 881 1778 1290 370 400 1408 672 1772 1891 692 461 1823 77 678 1015 1025 1218 1723 1134 35 323 301 639 1487 1354 1090 694 148 1616 1286
------------------------------------

Rank:3  Node number: 453        Node CC: 0.01663102874792112

Adjacent Nodes: 869 1669 1831 359 1339 1385 835 928 691 895 702 2027 1948 1192 1629 1277 1287 713 1328 1076 1813 56 1122 1484 424 511 1880 1120 1443 630 1682 397 1852 179 1520 1918 1550 1586 329 1957 1881 760 1587 938 569 279 1576 369 1541 1 1768 993 245 1082 1690 1510 342 1369 351 155 583 178 97 1862 1792 969 353 1839 1619 494 728 293 330 1748 1956 1846 292 902 994 547 1039 998 1526 1281 1363 278 1601 142 1480 971 1267 371 1044 1659 1987 1023 1184 1780 1337 991 1874 209 785 839 1575 1503 1381 1186 734 249 2028 1195 205 1955 426 1112 1675 1878 826 709 1022 488 1882 412 1012 181 1350 1405 1159 1876 1725 1614 849 777 195 1739 799 948 1906 153 1710 1340 1258 585 175 1274 1717 1970 620 399 1567 362 14 1500 2006 1618 1037 1127
------------------------------------

Rank:4  Node number: 1159       Node CC: 0.01661523854735343

Adjacent Nodes: 882 498 137 1800 1037 1441 179 702 1987 223 805 1852 1384 869 228 5 2028 1748 713 1906 1669 1277 1246 902 129 691 760 1157 459 1618 987 764 1813 263 329 1741 1720 1758 1541 1629 1880 87 895 620 367 1381 155 1964 278 444 934 1337 1451 369 998 359 1257 1076 1599 1768 1648 2027 279 991 1956 500 844 1201 1526 1491 835 1675 1480 363 1404 209 1586 1308 1918 14 1661 1874 993 777 1023 1520 807 1095 1275 1575 1443 778 1780 1105 1039 1192 1583 971 1022 946 1216 928 1690 1405 468 185 249 102 1558 1978 1262 938 1655 1104 1267 1970 1363 1983 1910 917 1195 613 1831 488 1403 1287 1040 643 1070 1619 2013 487 1881 175 1027 1334 178 1781 142 1727 200 313 1654 1386 397 630 1819 1968 943 371 1860 1044 1614 1684 1929 426 1112 332 1274 292 892 19 1325 979 130 453 226 1166 1017 1123 923 705 97 1739 1937 147 1281 1127 1610 1587 660 1577 1770 206 1396 1786 1676 1179 1250 1186 1659 1446 1550 1120 2018 1258 56 1012 1601 2000 1955 1828 506 1954 1263 1632 340 826 571 1048 72 569 463 1340 970 1219 410 951
------------------------------------

Rank:5  Node number: 1906       Node CC: 0.016584038959329618

Adjacent Nodes: 713 386 1424 1377 246 1159 1306 882 245 728 1906 895 1594 329 993 478 572 453 412 1874 1669 425 1039 1287 1059 897 1500 1550 1913 730 140 449 1118 1187 466 1018 248 1372 253 1876 1365 1114 1277 1389 393
------------------------------------

Rank:6  Node number: 1768       Node CC: 0.01657705700227167

Adjacent Nodes: 1550 476 1277 453 1159 245 1674 1669 1839 728 1536 1358 798 329 702 2027 1874 359 1878 746 999 1586 1278 1258 1731 1987 620 1587 1261 1792 412 852 440 153 158 350 1541 1706 1770 1047 1912 203 585 84 419 918 1930 829 535 457 539 1927 1120 1833 732 362 1501 345 1500 895
------------------------------------

Rank:7  Node number: 1839       Node CC: 0.016573277562938995

Adjacent Nodes: 511 1369 1440 1120 1576 434 1874 1241 904 713 1135 999 1278 453 916 867 385 666 1586 1258 1214 1669 965 558 1962 1323 1963 457 155 412 1816 556 1670 574 1845 24 1833 827 869 203 1510 1830 1878 465 539 1410 419 1052 1768 1792 978 668 1227 1856 1019 383 796 628 983 1430 1277 1402 1073 479 1674 117 1382 1987 2006 890 11 1080 1426 704 1663 1976 120 690 423 411 105 585 450 1649 2012 1950 350 1751 151 1287 201 1523 104 1011 1919 333 535 1727 165 1767 1486 1081 109 1629 177 1619 278 1680 963 64 899 829 1876 285 1639 12 980 2001 243 725 93 1547 1718 119 266 1191 1100 1788 602 641 316 395 691 1839 702
------------------------------------

Rank:8  Node number: 329        Node CC: 0.016569645111516342

Adjacent Nodes: 1550 511 1159 476 453 1277 245 1369 1674 1669 728 1536 1768 1874 2027 702 1258 999 203 329 410 1906 1987 359 1878 691 350 620 1706 895 1601 943
------------------------------------

Rank:9  Node number: 1586       Node CC: 0.01656674029662354

Adjacent Nodes: 511 453 1277 713 1369 1674 1159 1839 702 1120 1874 1878 1770 1258 350 1426 1768 1669 1440 1963 1792 1731 620 1998 585 1751 999 1833 817 1576 412 479 411 1323 1278 539 1680 151 203 535 1011 945 345 1767 1706 1912 217 465 690 869 1629 1586 385
------------------------------------

Rank:10 Node number: 1550       Node CC: 0.016565578655821617

Adjacent Nodes: 1768 329 203 1987 476 1037 453 630 1748 1277 1669 691 1536 1792 359 702 1874 869 1159 855 1287 895 1500 1906 1393 943 1126 1149 1058 728 713 1876
------------------------------------